268.71999999999997
268.01666666666665
276.1033333333333
275.4266666666667
260.2666666666667
266.48333333333335
259.8066666666667
266.19
268.5566666666667
267.8533333333333
260.41
259.90333333333336
275.92
266.52666666666664
275.3733333333333
266.11333333333334
268.77333333333337
268.17
276.03
275.69
268.6033333333333
275.95666666666665
268.10999999999996
275.31
260.48
259.9633333333333
260.38
259.84
266.67
266.51
266.22
266.2733333333333
305.40000000000003
304.90000000000003
310.58
310.1766666666667
295.47
299.66
295.3666666666666
299.6366666666667
305.26
304.9666666666667
295.50666666666666
295.25666666666666
310.52000000000004
299.77000000000004
310.15333333333336
299.63666666666666
305.2833333333333
304.9966666666666
310.57666666666665
310.21666666666664
305.47999999999996
310.79333333333335
304.94
310.28999999999996
295.59
295.3333333333333
295.52666666666664
295.41
299.69
299.8433333333333
299.64666666666665
299.7033333333334
254.58666666666667
254.17666666666665
261.07666666666665
260.49666666666667
244.39
249.49666666666667
244.23000000000002
249.36333333333334
254.73333333333335
254.03333333333333
244.3033333333333
244.35333333333332
261.31
249.64
260.6166666666667
249.46333333333334
287.01
286.28666666666663
291.6333333333334
291.01
287.06
291.62
286.3966666666667
291.15000000000003
275.92333333333335
275.38666666666666
275.9266666666667
275.4333333333334
279.79
279.77666666666664
279.15000000000003
279.15000000000003
254.82000000000002
254.10999999999999
261.2033333333334
260.6366666666667
244.4333333333333
249.73
244.27666666666667
249.44000000000003
287.08666666666664
286.43
275.9933333333333
275.41666666666663
291.66
279.75333333333333
291.04333333333335
279.1533333333333
254.70666666666668
254.01333333333332
261.2066666666667
260.55
287.08666666666664
291.60999999999996
286.44
290.9166666666667
244.33333333333334
244.27999999999997
276.02666666666664
275.47
249.60666666666668
279.81
249.41
279.26666666666665
270.6566666666667
270.07
278.19666666666666
277.81333333333333
262.56333333333333
268.7866666666667
262.23333333333335
268.3966666666667
270.7066666666667
270.15333333333336
262.56666666666666
262.29
278.12
268.87333333333333
277.53333333333336
268.20666666666665
270.66
270.13666666666666
278.2266666666667
277.8533333333333
270.7266666666667
278.07666666666665
270.0133333333333
277.56333333333333
262.6533333333333
262.17
262.53000000000003
262.27666666666664
268.7633333333333
268.8833333333334
268.3966666666667
268.2633333333333
256.7266666666667
256.3333333333333
263.43666666666667
262.79333333333335
246.48666666666665
251.87
246.4
251.57333333333335
256.82
256.34000000000003
246.54333333333332
246.27333333333334
263.20666666666665
251.82333333333335
262.6433333333334
251.58666666666667
256.6666666666667
256.2733333333333
263.25333333333333
262.61
256.71999999999997
263.0733333333333
256.32
262.51
246.41
246.20000000000002
246.58
246.23666666666668
251.78666666666666
251.86
251.53
251.63666666666668
305.45666666666665
305.17333333333335
310.6966666666667
310.2866666666667
295.48999999999995
299.81333333333333
295.4266666666667
299.7066666666667
305.4433333333333
305.04
295.61
295.50333333333333
310.7766666666667
299.9066666666667
310.31666666666666
299.62666666666667
287.05
286.4266666666667
291.59
291.06666666666666
287.1066666666666
291.57666666666665
286.40000000000003
291.2
276.01
275.56
275.97333333333336
275.4533333333333
279.75333333333333
279.89
279.24666666666667
279.15666666666664
305.50333333333333
305.03
310.6966666666667
310.25
295.68
299.75
295.36
299.69
287.21
286.28000000000003
275.8966666666667
275.52333333333337
291.67333333333335
279.74
291.17333333333335
279.26
305.43333333333334
305.0
310.75333333333333
310.28333333333336
287.03666666666663
291.6033333333333
286.33666666666664
291.21
295.58
295.44666666666666
276.01
275.4066666666667
299.84
279.90333333333336
299.73333333333335
279.1933333333333
271.96666666666664
279.3566666666666
263.8233333333333
269.9166666666667
272.0033333333334
263.6433333333334
279.3333333333333
269.95
272.13000000000005
279.53333333333336
272.05333333333334
279.30333333333334
263.8866666666667
263.75333333333333
270.09000000000003
270.06333333333333
305.3833333333334
310.6066666666667
295.57666666666665
299.8666666666667
305.34999999999997
295.61999999999995
310.67333333333335
299.89000000000004
305.5
310.68666666666667
305.43333333333334
310.67333333333335
295.6066666666666
295.68333333333334
299.84999999999997
299.96000000000004
271.33666666666664
279.0366666666667
263.3666666666666
269.73333333333335
271.37999999999994
263.36333333333334
279.0833333333333
269.5233333333333
304.96000000000004
310.22666666666663
305.1466666666667
310.32666666666665
295.3533333333333
295.42333333333335
299.81333333333333
299.7966666666667
271.4166666666667
279.09666666666664
263.4033333333333
269.5833333333333
305.02666666666664
295.41333333333336
310.2633333333333
299.6766666666667
271.40333333333336
279.0133333333334
305.10333333333335
310.25333333333333
263.3733333333333
295.41
269.49333333333334
299.6766666666667
257.97333333333336
264.2933333333333
247.73000000000002
252.96333333333334
257.9266666666667
247.50666666666666
264.2866666666667
253.01
258.1133333333333
264.38000000000005
257.8766666666666
264.33
247.71666666666667
247.6933333333333
253.12666666666667
253.08
257.46333333333337
263.91
247.48333333333335
252.82666666666668
257.40666666666664
247.66666666666666
263.84666666666664
252.77999999999997
257.45
263.85333333333335
257.53
263.92
247.51666666666665
247.53666666666666
252.73666666666668
252.63
287.11333333333334
291.6433333333333
275.97
279.84
287.1066666666666
275.96000000000004
291.53000000000003
279.75666666666666
286.3533333333333
291.14000000000004
286.32666666666665
291.0566666666667
275.4533333333333
275.4266666666667
279.22333333333336
279.2166666666667
287.05333333333334
291.48333333333335
275.9866666666667
279.8533333333333
286.47
275.39000000000004
291.27666666666664
279.13
287.06333333333333
291.58666666666664
286.4566666666667
291.2366666666667
276.0733333333333
275.46
279.9266666666667
279.24666666666667
444.59999999999997
446.6333333333334
515.5433333333334
518.1433333333333
438.19666666666666
507.75
439.60666666666674
509.2733333333333
444.3333333333333
446.6000000000001
437.93333333333334
439.26
515.6633333333333
507.39000000000004
517.1233333333334
508.6233333333334
383.0533333333333
382.12000000000006
449.28000000000003
448.53
382.8833333333334
449.1333333333334
382.01
448.10999999999996
380.66333333333336
379.4566666666667
380.27666666666664
379.40000000000003
445.83666666666664
445.45666666666665
444.6066666666666
444.37999999999994
519.5833333333334
521.8433333333334
571.3966666666666
573.63
511.58
562.6766666666666
513.2333333333332
564.1999999999999
433.22333333333336
432.6666666666667
428.3833333333334
427.75333333333333
482.8766666666667
476.91333333333336
482.25666666666666
476.33
519.1533333333333
521.6066666666667
571.31
573.4000000000001
433.15333333333336
482.6133333333333
432.7966666666667
482.03999999999996
511.3433333333333
513.0
428.07333333333327
427.4766666666667
562.2966666666666
476.9533333333333
564.0300000000001
476.1266666666666
425.1499999999999
427.07
493.8933333333334
495.09999999999997
418.56333333333333
486.6366666666666
420.01
487.3733333333333
424.82
426.75
418.1233333333333
419.82
493.44
486.57
494.26666666666665
487.0566666666667
492.3066666666667
494.23333333333335
543.4633333333333
544.74
492.3533333333333
543.2166666666667
493.71000000000004
544.7499999999999
485.4766666666667
487.01
485.5233333333333
486.82666666666665
535.8
535.86
537.1433333333334
536.8766666666667
369.81
368.9866666666667
433.85999999999996
433.0
364.76
428.41333333333336
363.93666666666667
427.24333333333334
414.84666666666664
414.17333333333335
408.75
408.0733333333333
463.39000000000004
456.70666666666665
462.57
455.68
369.46333333333337
368.62999999999994
433.6933333333333
432.77
414.68666666666667
463.34666666666664
413.87999999999994
462.43666666666667
364.34666666666664
363.55999999999995
408.6166666666666
407.68666666666667
428.16
456.3633333333333
427.06
455.3999999999999
445.57666666666665
447.6266666666667
516.7666666666668
518.8000000000001
439.1066666666666
508.98333333333335
440.67333333333335
510.21
445.4866666666667
447.6466666666667
439.02
440.41
516.5866666666667
508.5466666666667
518.5666666666667
509.80333333333334
384.1966666666667
383.26
450.1566666666667
449.3833333333334
383.89000000000004
450.13000000000005
382.98
449.03
381.40333333333336
380.52666666666664
381.21333333333337
380.18
446.64000000000004
446.62999999999994
445.6666666666667
445.2133333333333
426.4166666666667
428.02666666666664
494.59666666666664
495.56
419.7
487.7366666666667
421.1133333333334
488.7733333333333
370.77
369.68
365.90333333333336
365.03999999999996
434.96999999999997
429.64333333333326
433.91333333333336
428.2633333333333
425.8733333333333
427.7966666666666
494.32
495.45
370.5566666666667
434.64333333333326
369.61666666666673
433.9266666666667
419.3966666666667
420.68333333333334
365.4433333333334
364.49666666666667
487.5833333333333
429.25666666666666
488.26
428.1566666666667
519.4133333333333
521.98
571.51
573.7566666666667
511.3733333333333
562.9233333333333
513.5233333333332
564.1666666666666
518.96
521.51
511.4066666666667
512.7733333333333
571.4733333333334
562.1866666666666
573.24
564.1466666666666
492.3666666666666
494.34
543.5233333333334
544.8233333333334
492.35999999999996
543.0833333333334
493.7033333333334
544.58
485.59
486.97333333333336
485.43666666666667
487.1166666666666
535.7066666666666
535.5533333333333
537.1133333333333
536.85
433.22333333333336
432.75666666666666
482.8166666666666
482.3766666666667
428.3733333333333
476.8633333333333
427.79333333333335
476.30999999999995
414.99666666666667
414.24333333333334
408.68333333333334
407.99
463.30999999999995
456.6166666666666
462.74
455.72
433.2133333333333
432.6766666666667
482.64000000000004
482.08
414.67
463.5
413.91333333333336
462.5
428.02
427.52
408.6066666666666
407.7633333333333
476.90000000000003
456.43666666666667
476.0933333333333
455.5133333333333
442.25
514.1700000000001
436.1166666666666
505.8566666666666
442.5466666666667
435.97666666666663
513.5300000000001
505.6366666666666
381.1233333333333
447.42333333333335
380.84
447.1366666666667
378.4166666666667
378.2833333333333
443.92
443.6466666666667
519.5866666666667
571.5666666666666
511.6933333333334
562.57
433.22333333333336
428.4266666666667
482.90333333333336
476.99666666666667
519.0266666666666
571.35
433.26666666666665
482.59
511.48
428.0833333333333
562.1833333333334
476.93666666666667
444.71
516.2199999999999
437.92
507.40333333333336
444.52
437.4833333333333
515.6866666666666
506.93
521.6999999999999
573.6533333333333
521.4433333333333
573.4599999999999
513.2333333333333
512.87
564.0933333333332
564.0633333333334
380.1466666666667
446.68
377.83
442.81
432.77333333333337
427.66
482.3733333333334
476.22333333333336
380.09999999999997
446.25
432.7233333333333
482.0833333333333
377.50333333333333
427.49333333333334
442.5
476.09999999999997
423.07666666666665
492.1266666666667
416.8866666666666
484.8533333333333
422.6466666666667
416.2633333333333
491.68666666666667
484.29
367.96333333333337
432.1433333333334
367.54333333333335
432.03
362.6266666666667
362.6133333333334
426.52666666666664
426.4433333333333
425.06333333333333
493.3066666666667
418.19
485.5366666666667
367.06666666666666
362.0366666666667
431.0
425.24666666666667
424.48999999999995
492.66333333333336
366.83666666666664
430.69666666666666
417.6333333333334
361.7033333333333
485.3500000000001
424.89000000000004
492.6233333333333
543.5899999999999
485.66
535.6266666666667
492.2666666666667
485.5833333333333
543.0300000000001
535.6966666666666
494.25666666666666
545.0166666666668
493.9866666666667
544.5066666666667
487.09
486.81666666666666
537.1533333333333
536.9499999999999
414.8333333333333
463.24
408.84
456.74
414.23
408.07
462.6266666666667
455.64000000000004
414.7366666666667
463.3633333333333
414.0333333333333
462.47333333333336
408.6266666666667
407.75666666666666
456.37000000000006
455.49333333333334
611.0433333333334
740.21
602.7133333333333
730.0100000000001
610.8233333333333
601.59
739.9033333333333
729.3000000000001
510.01
631.0433333333333
509.52333333333337
630.5766666666667
507.24666666666667
506.87999999999994
627.0533333333334
627.1133333333333
721.4866666666667
817.7933333333334
712.7433333333333
807.3333333333334
580.7366666666667
576.54
672.3733333333333
666.5533333333334
721.7566666666667
817.34
580.73
672.1366666666667
712.81
576.2166666666667
807.0166666666668
666.25
585.35
711.2333333333335
579.1766666666666
704.2199999999999
584.82
579.0233333333332
711.2933333333334
703.5
687.39
780.93
687.0933333333332
780.6566666666668
680.6466666666666
680.6166666666667
773.6700000000001
773.2766666666666
496.89333333333326
615.3366666666667
491.52
609.33
561.9266666666667
556.5133333333333
652.4666666666666
645.4466666666667
496.22999999999996
615.0566666666667
561.96
652.5500000000001
491.2366666666667
556.3266666666667
608.9966666666666
645.3766666666667
615.2866666666667
743.1633333333333
605.2733333333334
732.0066666666667
614.57
604.9166666666666
743.1233333333333
731.1933333333333
508.71000000000004
629.62
508.42333333333335
629.39
506.35999999999996
506.22333333333336
625.7966666666666
625.71
588.6733333333333
713.6733333333333
581.4066666666666
705.4533333333334
495.72333333333336
490.47333333333336
613.7633333333333
607.6266666666667
588.67
713.39
495.49
613.3966666666666
581.2433333333333
490.04333333333335
704.8066666666667
607.3766666666667
726.89
821.52
716.0333333333333
809.9366666666668
726.5099999999999
715.9233333333333
821.9633333333333
809.57
690.59
784.02
690.4633333333333
783.4933333333333
683.75
683.4200000000001
775.8533333333334
775.8033333333334
580.5433333333334
671.73
575.8633333333333
665.2233333333334
561.79
555.5799999999999
651.7033333333334
644.1566666666666
580.3733333333333
671.4
561.3733333333333
651.2033333333334
575.4766666666666
555.2033333333334
665.2833333333334
643.9599999999999
613.4466666666667
742.4633333333333
604.8866666666667
731.7599999999999
613.5166666666667
604.4833333333332
741.8866666666667
731.41
511.50666666666666
632.9433333333333
511.73333333333335
632.8266666666667
509.8933333333334
509.47333333333336
629.3366666666667
629.3966666666666
721.8733333333334
817.9899999999999
712.8699999999999
807.4366666666666
580.7399999999999
576.48
672.6
666.6866666666666
721.8666666666667
817.3533333333334
580.6066666666667
672.2066666666666
712.7266666666668
576.2466666666668
806.9233333333333
666.33
617.4200000000001
745.5966666666667
607.9266666666666
734.21
616.9599999999999
607.7
745.4433333333333
733.7633333333333
726.9166666666666
821.7599999999999
726.6
821.5100000000001
715.8266666666665
715.7466666666666
809.8066666666667
809.5300000000001
510.83666666666664
631.7366666666666
508.76666666666665
628.15
580.4766666666667
575.6633333333334
671.7466666666667
665.1999999999999
510.89000000000004
631.5833333333334
580.41
671.5500000000001
508.60666666666674
575.5533333333334
627.8133333333334
665.1666666666666
588.54
713.5766666666667
581.8133333333334
706.2466666666668
588.1999999999999
581.7166666666666
712.9533333333333
706.0633333333332
499.27000000000004
617.2066666666666
498.82666666666665
616.9699999999999
493.96
493.54333333333335
611.6
611.4333333333334
590.55
715.7366666666667
584.9766666666667
707.5966666666667
497.80333333333334
493.00666666666666
615.9
609.8866666666667
590.8366666666666
715.5833333333334
497.36999999999995
616.1333333333333
583.8466666666667
492.4266666666667
707.4933333333333
609.6966666666667
687.4733333333334
781.1633333333334
680.5633333333334
773.4366666666666
687.0333333333333
680.7266666666666
780.79
773.4633333333333
690.8733333333333
783.7833333333333
690.39
783.5166666666668
683.52
683.5433333333334
775.81
775.68
561.8466666666667
652.4833333333333
556.63
645.5099999999999
561.9333333333334
555.6333333333333
651.64
644.16
561.97
652.3733333333333
561.3333333333334
651.2
556.34
555.18
645.38
644.0333333333333
612.9699999999999
604.7466666666668
612.6433333333333
604.1233333333333
511.15333333333336
510.8566666666666
509.37000000000006
509.0333333333333
721.5633333333334
712.9166666666666
580.8766666666667
576.41
722.0366666666665
580.6266666666667
712.6366666666667
576.2766666666666
587.7733333333334
581.5133333333333
587.2400000000001
581.1066666666667
687.6
687.1466666666666
680.5566666666667
680.4766666666666
498.49
493.27666666666664
561.96
556.5133333333333
497.99
562.0666666666666
492.93666666666667
556.3066666666666
741.59
731.3533333333334
741.2066666666666
731.2166666666667
632.1266666666667
632.0633333333334
628.7566666666667
628.4966666666667
712.54
705.3966666666665
616.6866666666666
610.9566666666666
712.6666666666666
616.61
705.2133333333333
610.6866666666666
818.04
807.2733333333334
817.34
807.0
780.93
780.7566666666667
773.3866666666667
773.2199999999999
672.4133333333334
666.5033333333334
652.6533333333333
645.54
672.2133333333333
652.4333333333334
666.4933333333333
645.3033333333334
616.62
607.5366666666666
616.0866666666667
607.0333333333333
510.1833333333334
510.01666666666665
508.34
508.00333333333333
726.79
715.9933333333333
580.5433333333334
575.7
726.6433333333334
580.5766666666667
715.9066666666668
575.3966666666666
744.8933333333333
733.7766666666666
744.2599999999999
733.2166666666667
821.5266666666666
821.7566666666667
809.9699999999999
809.5
631.2833333333333
627.5
671.6966666666667
665.2933333333334
631.0533333333334
671.5
627.24
665.23
590.18
583.5266666666666
589.7399999999999
583.4266666666667
497.3333333333333
496.78000000000003
492.12999999999994
491.69666666666666
715.25
706.8333333333334
615.0933333333334
609.1999999999999
714.6666666666666
615.0600000000001
706.5899999999998
608.68
690.7166666666667
683.7633333333333
690.2166666666666
683.2566666666667
783.8766666666667
783.7766666666666
775.6633333333333
775.54
561.7433333333333
555.6133333333333
651.4900000000001
644.3566666666666
561.42
651.2866666666667
555.2600000000001
643.9833333333333
