VARIANT1
268.78
268.64
268.74
VARIANT2
267.93
268.16
267.96
VARIANT3
276
275.99
276.32
VARIANT4
275.5
275.39
275.39
VARIANT5
260.37
260.3
260.13
VARIANT6
266.48
266.53
266.44
VARIANT7
259.79
259.71
259.92
VARIANT8
266.09
266.44
266.04
VARIANT9
268.61
268.54
268.52
VARIANT10
267.78
267.76
268.02
VARIANT11
260.23
260.49
260.51
VARIANT12
259.61
260.11
259.99
VARIANT13
275.97
275.8
275.99
VARIANT14
266.58
266.54
266.46
VARIANT15
275.26
275.33
275.53
VARIANT16
266.13
266.22
265.99
VARIANT17
268.73
268.92
268.67
VARIANT18
268.43
268
268.08
VARIANT19
275.98
276.04
276.07
VARIANT20
275.68
275.69
275.7
VARIANT21
268.63
268.49
268.69
VARIANT22
276.01
276.06
275.8
VARIANT23
267.99
268.09
268.25
VARIANT24
275.27
275.24
275.42
VARIANT25
260.43
260.49
260.52
VARIANT26
259.98
260.04
259.87
VARIANT27
260.55
260.22
260.37
VARIANT28
259.75
259.86
259.91
VARIANT29
266.79
266.7
266.52
VARIANT30
266.43
266.59
266.51
VARIANT31
266.15
266.29
266.22
VARIANT32
266.26
266.32
266.24
VARIANT33
305.19
305.59
305.42
VARIANT34
304.96
304.75
304.99
VARIANT35
310.5
310.57
310.67
VARIANT36
310.21
310.31
310.01
VARIANT37
295.44
295.48
295.49
VARIANT38
299.63
299.73
299.62
VARIANT39
295.34
295.44
295.32
VARIANT40
299.63
299.61
299.67
VARIANT41
305.18
305.27
305.33
VARIANT42
304.86
305.08
304.96
VARIANT43
295.49
295.52
295.51
VARIANT44
295.21
295.26
295.3
VARIANT45
310.48
310.66
310.42
VARIANT46
299.79
299.63
299.89
VARIANT47
309.97
310.2
310.29
VARIANT48
299.68
299.58
299.65
VARIANT49
305.24
305.29
305.32
VARIANT50
305.07
305.03
304.89
VARIANT51
310.63
310.55
310.55
VARIANT52
310.15
310.19
310.31
VARIANT53
305.39
305.69
305.36
VARIANT54
310.7
310.67
311.01
VARIANT55
304.86
304.97
304.99
VARIANT56
310.4
310.19
310.28
VARIANT57
295.62
295.63
295.52
VARIANT58
295.36
295.38
295.26
VARIANT59
295.49
295.59
295.5
VARIANT60
295.46
295.25
295.52
VARIANT61
299.66
299.7
299.71
VARIANT62
299.73
299.86
299.94
VARIANT63
299.67
299.65
299.62
VARIANT64
299.63
299.79
299.69
VARIANT65
254.67
254.45
254.64
VARIANT66
254.27
254.1
254.16
VARIANT67
261.08
261.14
261.01
VARIANT68
260.5
260.49
260.5
VARIANT69
244.38
244.45
244.34
VARIANT70
249.52
249.39
249.58
VARIANT71
244.2
244.17
244.32
VARIANT72
249.38
249.35
249.36
VARIANT73
254.62
254.85
254.73
VARIANT74
253.97
254.01
254.12
VARIANT75
244.25
244.28
244.38
VARIANT76
244.4
244.38
244.28
VARIANT77
261.19
261.23
261.51
VARIANT78
249.75
249.57
249.6
VARIANT79
260.63
260.5
260.72
VARIANT80
249.55
249.38
249.46
VARIANT81
287.04
286.82
287.17
VARIANT82
286.25
286.4
286.21
VARIANT83
291.47
291.68
291.75
VARIANT84
290.99
291.09
290.95
VARIANT85
287.06
287.07
287.05
VARIANT86
291.5
291.75
291.61
VARIANT87
286.44
286.34
286.41
VARIANT88
291.14
291.12
291.19
VARIANT89
275.85
275.91
276.01
VARIANT90
275.46
275.32
275.38
VARIANT91
275.98
275.89
275.91
VARIANT92
275.42
275.47
275.41
VARIANT93
279.72
279.91
279.74
VARIANT94
279.75
279.82
279.76
VARIANT95
279.25
279.24
278.96
VARIANT96
279.36
279.16
278.93
VARIANT97
254.69
254.92
254.85
VARIANT98
254.01
254.13
254.19
VARIANT99
261.18
260.98
261.45
VARIANT100
260.59
260.61
260.71
VARIANT101
244.36
244.57
244.37
VARIANT102
249.82
249.64
249.73
VARIANT103
244.25
244.31
244.27
VARIANT104
249.51
249.46
249.35
VARIANT105
287.11
287.11
287.04
VARIANT106
286.33
286.31
286.65
VARIANT107
276.09
276.02
275.87
VARIANT108
275.34
275.52
275.39
VARIANT109
291.75
291.57
291.66
VARIANT110
279.76
279.72
279.78
VARIANT111
291.05
291.07
291.01
VARIANT112
279.14
279.19
279.13
VARIANT113
254.61
254.77
254.74
VARIANT114
254.13
253.84
254.07
VARIANT115
261.18
261.26
261.18
VARIANT116
260.58
260.44
260.63
VARIANT117
287.15
287.06
287.05
VARIANT118
291.59
291.55
291.69
VARIANT119
286.53
286.28
286.51
VARIANT120
290.96
290.88
290.91
VARIANT121
244.39
244.31
244.3
VARIANT122
244.4
244.25
244.19
VARIANT123
275.93
276.12
276.03
VARIANT124
275.57
275.42
275.42
VARIANT125
249.61
249.6
249.61
VARIANT126
279.83
279.91
279.69
VARIANT127
249.28
249.28
249.67
VARIANT128
279.36
279.27
279.17
VARIANT129
270.6
270.63
270.74
VARIANT130
270
269.97
270.24
VARIANT131
278.27
278.24
278.08
VARIANT132
277.83
277.85
277.76
VARIANT133
262.4
262.5
262.79
VARIANT134
268.68
268.83
268.85
VARIANT135
262.13
262.24
262.33
VARIANT136
268.52
268.36
268.31
VARIANT137
270.66
270.74
270.72
VARIANT138
270.23
270.07
270.16
VARIANT139
262.57
262.65
262.48
VARIANT140
262.36
262.37
262.14
VARIANT141
278.07
278.15
278.14
VARIANT142
269.04
268.72
268.86
VARIANT143
277.44
277.44
277.72
VARIANT144
268.16
268.36
268.1
VARIANT145
270.62
270.66
270.7
VARIANT146
270.14
270.14
270.13
VARIANT147
278.29
278.07
278.32
VARIANT148
278.11
277.78
277.67
VARIANT149
270.74
270.75
270.69
VARIANT150
278.15
278.01
278.07
VARIANT151
270.09
270
269.95
VARIANT152
277.69
277.68
277.32
VARIANT153
262.58
262.74
262.64
VARIANT154
262.05
262.14
262.32
VARIANT155
262.62
262.55
262.42
VARIANT156
262.17
262.33
262.33
VARIANT157
268.71
268.79
268.79
VARIANT158
268.91
268.82
268.92
VARIANT159
268.44
268.3
268.45
VARIANT160
268.21
268.28
268.3
VARIANT161
256.71
256.75
256.72
VARIANT162
256.24
256.58
256.18
VARIANT163
263.38
263.26
263.67
VARIANT164
262.73
262.99
262.66
VARIANT165
246.6
246.45
246.41
VARIANT166
251.94
251.87
251.8
VARIANT167
246.33
246.52
246.35
VARIANT168
251.47
251.75
251.5
VARIANT169
256.75
257.16
256.55
VARIANT170
256.41
256.25
256.36
VARIANT171
246.52
246.37
246.74
VARIANT172
246.25
246.35
246.22
VARIANT173
263.22
263.14
263.26
VARIANT174
251.78
251.76
251.93
VARIANT175
262.6
262.63
262.7
VARIANT176
251.49
251.7
251.57
VARIANT177
256.65
256.78
256.57
VARIANT178
256.28
256.11
256.43
VARIANT179
263.26
263.28
263.22
VARIANT180
262.6
262.59
262.64
VARIANT181
256.8
256.71
256.65
VARIANT182
263.12
262.92
263.18
VARIANT183
256.4
256.27
256.29
VARIANT184
262.34
262.44
262.75
VARIANT185
246.38
246.41
246.44
VARIANT186
246.4
246.1
246.1
VARIANT187
246.75
246.54
246.45
VARIANT188
246.27
246.24
246.2
VARIANT189
251.72
251.71
251.93
VARIANT190
251.75
252.05
251.78
VARIANT191
251.4
251.61
251.58
VARIANT192
251.68
251.65
251.58
VARIANT193
305.43
305.43
305.51
VARIANT194
305.14
305.22
305.16
VARIANT195
310.73
310.66
310.7
VARIANT196
310.33
310.18
310.35
VARIANT197
295.59
295.48
295.4
VARIANT198
299.78
299.77
299.89
VARIANT199
295.44
295.48
295.36
VARIANT200
299.6
299.72
299.8
VARIANT201
305.49
305.32
305.52
VARIANT202
305.1
304.98
305.04
VARIANT203
295.59
295.63
295.61
VARIANT204
295.55
295.5
295.46
VARIANT205
310.75
310.7
310.88
VARIANT206
299.94
299.84
299.94
VARIANT207
310.3
310.49
310.16
VARIANT208
299.74
299.52
299.62
VARIANT209
287.1
287.01
287.04
VARIANT210
286.44
286.43
286.41
VARIANT211
291.82
291.45
291.5
VARIANT212
290.94
291.11
291.15
VARIANT213
287.09
286.96
287.27
VARIANT214
291.56
291.44
291.73
VARIANT215
286.45
286.44
286.31
VARIANT216
291.14
291.25
291.21
VARIANT217
275.9
276.13
276
VARIANT218
275.52
275.61
275.55
VARIANT219
275.97
276.03
275.92
VARIANT220
275.53
275.33
275.5
VARIANT221
279.88
279.64
279.74
VARIANT222
279.73
280.09
279.85
VARIANT223
279.29
279.24
279.21
VARIANT224
279.12
279.2
279.15
VARIANT225
305.42
305.56
305.53
VARIANT226
304.99
305.08
305.02
VARIANT227
310.82
310.61
310.66
VARIANT228
310.32
310.21
310.22
VARIANT229
295.71
295.77
295.56
VARIANT230
299.65
299.75
299.85
VARIANT231
295.27
295.46
295.35
VARIANT232
299.57
299.84
299.66
VARIANT233
287.31
287.26
287.06
VARIANT234
286.22
286.44
286.18
VARIANT235
275.9
275.8
275.99
VARIANT236
275.38
275.57
275.62
VARIANT237
291.78
291.56
291.68
VARIANT238
279.8
279.7
279.72
VARIANT239
291.35
291
291.17
VARIANT240
279.25
279.19
279.34
VARIANT241
305.44
305.55
305.31
VARIANT242
304.93
305.03
305.04
VARIANT243
310.88
310.73
310.65
VARIANT244
310.39
310.23
310.23
VARIANT245
287.1
286.95
287.06
VARIANT246
291.66
291.57
291.58
VARIANT247
286.4
286.36
286.25
VARIANT248
291.25
291.06
291.32
VARIANT249
295.52
295.59
295.63
VARIANT250
295.33
295.52
295.49
VARIANT251
276.11
275.9
276.02
VARIANT252
275.29
275.46
275.47
VARIANT253
299.82
299.87
299.83
VARIANT254
279.81
280.09
279.81
VARIANT255
299.67
299.78
299.75
VARIANT256
279.27
279.21
279.1
VARIANT257
271.9
271.96
272.04
VARIANT258
279.51
279.38
279.18
VARIANT259
263.76
263.81
263.9
VARIANT260
269.76
269.96
270.03
VARIANT261
271.99
271.92
272.1
VARIANT262
263.63
263.56
263.74
VARIANT263
279.44
279.09
279.47
VARIANT264
270.12
269.76
269.97
VARIANT265
272.04
272.35
272
VARIANT266
279.43
279.72
279.45
VARIANT267
271.91
272.28
271.97
VARIANT268
279.33
279.14
279.44
VARIANT269
263.97
263.89
263.8
VARIANT270
263.78
263.82
263.66
VARIANT271
269.85
270.04
270.38
VARIANT272
269.99
270.05
270.15
VARIANT273
305.32
305.39
305.44
VARIANT274
310.47
310.61
310.74
VARIANT275
295.71
295.49
295.53
VARIANT276
299.91
299.8
299.89
VARIANT277
305.45
305.38
305.22
VARIANT278
295.51
295.76
295.59
VARIANT279
310.69
310.57
310.76
VARIANT280
299.81
299.92
299.94
VARIANT281
305.48
305.6
305.42
VARIANT282
310.71
310.7
310.65
VARIANT283
305.49
305.53
305.28
VARIANT284
310.43
310.9
310.69
VARIANT285
295.69
295.61
295.52
VARIANT286
295.68
295.64
295.73
VARIANT287
299.86
299.92
299.77
VARIANT288
299.92
299.97
299.99
VARIANT289
271.28
271.28
271.45
VARIANT290
279.02
278.95
279.14
VARIANT291
263.28
263.36
263.46
VARIANT292
269.7
269.94
269.56
VARIANT293
271.32
271.48
271.34
VARIANT294
263.32
263.4
263.37
VARIANT295
279.14
279.19
278.92
VARIANT296
269.57
269.47
269.53
VARIANT297
304.93
304.99
304.96
VARIANT298
310.35
310.21
310.12
VARIANT299
305.11
305.27
305.06
VARIANT300
310.35
310.32
310.31
VARIANT301
295.31
295.42
295.33
VARIANT302
295.29
295.45
295.53
VARIANT303
299.95
299.75
299.74
VARIANT304
299.78
299.86
299.75
VARIANT305
271.38
271.28
271.59
VARIANT306
278.9
279.33
279.06
VARIANT307
263.36
263.46
263.39
VARIANT308
269.72
269.49
269.54
VARIANT309
305.08
304.98
305.02
VARIANT310
295.35
295.41
295.48
VARIANT311
310.22
310.3
310.27
VARIANT312
299.76
299.64
299.63
VARIANT313
271.55
271.36
271.3
VARIANT314
279.16
278.98
278.9
VARIANT315
305.11
305.09
305.11
VARIANT316
310.13
310.29
310.34
VARIANT317
263.39
263.39
263.34
VARIANT318
295.32
295.4
295.51
VARIANT319
269.5
269.43
269.55
VARIANT320
299.7
299.85
299.48
VARIANT321
258.1
257.83
257.99
VARIANT322
264.27
264.32
264.29
VARIANT323
247.75
247.63
247.81
VARIANT324
253.01
252.91
252.97
VARIANT325
257.98
257.75
258.05
VARIANT326
247.44
247.45
247.63
VARIANT327
264.26
264.35
264.25
VARIANT328
253.03
253.04
252.96
VARIANT329
258.16
258.12
258.06
VARIANT330
264.22
264.42
264.5
VARIANT331
257.81
257.99
257.83
VARIANT332
264.27
264.32
264.4
VARIANT333
247.62
247.91
247.62
VARIANT334
247.55
247.89
247.64
VARIANT335
253.35
253.11
252.92
VARIANT336
253.04
252.99
253.21
VARIANT337
257.23
257.68
257.48
VARIANT338
263.89
263.8
264.04
VARIANT339
247.52
247.41
247.52
VARIANT340
252.84
252.64
253
VARIANT341
257.39
257.44
257.39
VARIANT342
247.54
247.71
247.75
VARIANT343
263.84
263.84
263.86
VARIANT344
252.91
252.63
252.8
VARIANT345
257.48
257.52
257.35
VARIANT346
263.81
263.89
263.86
VARIANT347
257.7
257.57
257.32
VARIANT348
263.91
263.92
263.93
VARIANT349
247.39
247.61
247.55
VARIANT350
247.47
247.71
247.43
VARIANT351
252.76
252.81
252.64
VARIANT352
252.71
252.51
252.67
VARIANT353
287.11
287.13
287.1
VARIANT354
291.53
291.76
291.64
VARIANT355
275.92
276.06
275.93
VARIANT356
279.89
279.86
279.77
VARIANT357
287.18
287.14
287
VARIANT358
276.01
275.93
275.94
VARIANT359
291.47
291.61
291.51
VARIANT360
279.76
279.72
279.79
VARIANT361
286.5
286.34
286.22
VARIANT362
291.01
291.24
291.17
VARIANT363
286.37
286.46
286.15
VARIANT364
291.12
290.99
291.06
VARIANT365
275.5
275.46
275.4
VARIANT366
275.47
275.46
275.35
VARIANT367
279.23
279.1
279.34
VARIANT368
279.16
279.27
279.22
VARIANT369
287.13
287.03
287
VARIANT370
291.61
291.41
291.43
VARIANT371
275.96
275.93
276.07
VARIANT372
279.84
279.78
279.94
VARIANT373
286.42
286.48
286.51
VARIANT374
275.41
275.53
275.23
VARIANT375
291.28
291.38
291.17
VARIANT376
279.19
279.07
279.13
VARIANT377
287.04
286.94
287.21
VARIANT378
291.45
291.61
291.7
VARIANT379
286.42
286.49
286.46
VARIANT380
291.2
291.34
291.17
VARIANT381
276.11
276.03
276.08
VARIANT382
275.52
275.38
275.48
VARIANT383
279.85
280.03
279.9
VARIANT384
279.22
279.18
279.34
VARIANT385
444.38
444.88
444.54
VARIANT386
446.49
446.78
446.63
VARIANT387
515.61
515.34
515.68
VARIANT388
518.39
517.69
518.35
VARIANT389
438.24
438.07
438.28
VARIANT390
507.95
507.65
507.65
VARIANT391
439.35
439.62
439.85
VARIANT392
509.3
509.57
508.95
VARIANT393
444.23
444.54
444.23
VARIANT394
446.66
446.41
446.73
VARIANT395
437.84
437.82
438.14
VARIANT396
439.29
439.5
438.99
VARIANT397
515.92
515.76
515.31
VARIANT398
507.31
507.33
507.53
VARIANT399
517.07
517.23
517.07
VARIANT400
508.92
508.51
508.44
VARIANT401
383.03
383.13
383
VARIANT402
382.1
382.06
382.2
VARIANT403
449.31
449.3
449.23
VARIANT404
448.5
448.54
448.55
VARIANT405
382.93
382.93
382.79
VARIANT406
449.34
449.04
449.02
VARIANT407
381.95
382.03
382.05
VARIANT408
448.08
448.11
448.14
VARIANT409
380.55
380.61
380.83
VARIANT410
379.6
379.29
379.48
VARIANT411
380.28
380.23
380.32
VARIANT412
379.34
379.31
379.55
VARIANT413
445.97
445.71
445.83
VARIANT414
445.45
445.55
445.37
VARIANT415
444.52
444.77
444.53
VARIANT416
444.11
444.39
444.64
VARIANT417
519.66
520.03
519.06
VARIANT418
521.86
521.93
521.74
VARIANT419
571.19
571.52
571.48
VARIANT420
573.73
573.61
573.55
VARIANT421
511.52
511.73
511.49
VARIANT422
562.77
562.43
562.83
VARIANT423
513.1
513.25
513.35
VARIANT424
564.36
564.16
564.08
VARIANT425
433.08
433.35
433.24
VARIANT426
432.57
432.7
432.73
VARIANT427
428.42
428.38
428.35
VARIANT428
427.8
427.7
427.76
VARIANT429
482.87
482.74
483.02
VARIANT430
477.02
476.93
476.79
VARIANT431
482.29
482.23
482.25
VARIANT432
476.36
476.19
476.44
VARIANT433
519.03
519.04
519.39
VARIANT434
521.77
521.42
521.63
VARIANT435
571.47
571.29
571.17
VARIANT436
573.35
573.47
573.38
VARIANT437
433.2
433.03
433.23
VARIANT438
482.72
482.54
482.58
VARIANT439
432.58
432.87
432.94
VARIANT440
481.95
482.2
481.97
VARIANT441
511.4
511.38
511.25
VARIANT442
513.25
513.1
512.65
VARIANT443
428.15
427.92
428.15
VARIANT444
427.43
427.51
427.49
VARIANT445
562.26
562.47
562.16
VARIANT446
476.9
477.02
476.94
VARIANT447
563.92
564.09
564.08
VARIANT448
476.18
476.12
476.08
VARIANT449
425.28
425.04
425.13
VARIANT450
427.23
427.17
426.81
VARIANT451
494.16
493.93
493.59
VARIANT452
495.16
495.34
494.8
VARIANT453
418.52
418.45
418.72
VARIANT454
486.76
486.57
486.58
VARIANT455
419.9
420.24
419.89
VARIANT456
487.26
487.36
487.5
VARIANT457
424.9
424.83
424.73
VARIANT458
426.94
426.63
426.68
VARIANT459
417.96
418.13
418.28
VARIANT460
419.75
419.97
419.74
VARIANT461
493.37
493.51
493.44
VARIANT462
486.67
486.29
486.75
VARIANT463
494.16
494.11
494.53
VARIANT464
486.91
487.15
487.11
VARIANT465
492.23
492.2
492.49
VARIANT466
494.39
494.15
494.16
VARIANT467
543.65
543.37
543.37
VARIANT468
544.54
544.71
544.97
VARIANT469
492.56
492.2
492.3
VARIANT470
543.33
543.19
543.13
VARIANT471
493.79
493.63
493.71
VARIANT472
544.79
544.91
544.55
VARIANT473
485.4
485.73
485.3
VARIANT474
486.87
486.97
487.19
VARIANT475
485.39
485.6
485.58
VARIANT476
486.71
486.84
486.93
VARIANT477
535.51
536.09
535.8
VARIANT478
536.04
536.01
535.53
VARIANT479
537
537.09
537.34
VARIANT480
536.93
537.07
536.63
VARIANT481
369.87
369.76
369.8
VARIANT482
368.99
368.95
369.02
VARIANT483
433.81
433.75
434.02
VARIANT484
432.93
433.16
432.91
VARIANT485
364.69
364.83
364.76
VARIANT486
428.35
428.37
428.52
VARIANT487
364.06
363.97
363.78
VARIANT488
427.29
427.18
427.26
VARIANT489
414.82
414.77
414.95
VARIANT490
414.31
414.13
414.08
VARIANT491
408.67
408.8
408.78
VARIANT492
408.08
408.1
408.04
VARIANT493
463.49
463.43
463.25
VARIANT494
456.77
456.59
456.76
VARIANT495
462.64
462.63
462.44
VARIANT496
455.54
455.82
455.68
VARIANT497
369.56
369.4
369.43
VARIANT498
368.64
368.7
368.55
VARIANT499
433.65
433.75
433.68
VARIANT500
432.89
432.63
432.79
VARIANT501
414.76
414.77
414.53
VARIANT502
463.25
463.24
463.55
VARIANT503
413.95
413.87
413.82
VARIANT504
462.44
462.44
462.43
VARIANT505
364.43
364.29
364.32
VARIANT506
363.51
363.57
363.6
VARIANT507
408.53
408.82
408.5
VARIANT508
407.87
407.55
407.64
VARIANT509
428.11
428.21
428.16
VARIANT510
456.44
456.37
456.28
VARIANT511
427.17
426.95
427.06
VARIANT512
455.32
455.51
455.37
VARIANT513
445.47
445.63
445.63
VARIANT514
447.41
448.1
447.37
VARIANT515
516.78
516.66
516.86
VARIANT516
518.83
518.71
518.86
VARIANT517
439.14
439.26
438.92
VARIANT518
509.11
508.91
508.93
VARIANT519
440.47
440.72
440.83
VARIANT520
509.94
510.36
510.33
VARIANT521
445.47
445.51
445.48
VARIANT522
447.62
447.7
447.62
VARIANT523
439.39
438.95
438.72
VARIANT524
440.22
440.56
440.45
VARIANT525
516.55
516.87
516.34
VARIANT526
508.34
508.88
508.42
VARIANT527
518.69
518.46
518.55
VARIANT528
509.69
509.97
509.75
VARIANT529
384.23
384.21
384.15
VARIANT530
383.45
383.24
383.09
VARIANT531
450.07
450.1
450.3
VARIANT532
449.48
449.29
449.38
VARIANT533
384.02
383.85
383.8
VARIANT534
450.29
450.15
449.95
VARIANT535
382.87
383.05
383.02
VARIANT536
449
449.04
449.05
VARIANT537
381.25
381.59
381.37
VARIANT538
380.51
380.47
380.6
VARIANT539
381.2
381.22
381.22
VARIANT540
380.24
380.02
380.28
VARIANT541
446.73
446.57
446.62
VARIANT542
446.76
446.37
446.76
VARIANT543
445.58
445.45
445.97
VARIANT544
445.35
445.2
445.09
VARIANT545
426.15
426.54
426.56
VARIANT546
428.13
428.16
427.79
VARIANT547
494.66
494.53
494.6
VARIANT548
495.41
495.93
495.34
VARIANT549
419.72
419.57
419.81
VARIANT550
487.86
487.58
487.77
VARIANT551
421.22
421.01
421.11
VARIANT552
489.03
488.71
488.58
VARIANT553
370.74
370.78
370.79
VARIANT554
369.7
369.69
369.65
VARIANT555
366.06
365.77
365.88
VARIANT556
365.09
365.01
365.02
VARIANT557
434.99
435.03
434.89
VARIANT558
429.53
429.55
429.85
VARIANT559
433.91
433.93
433.9
VARIANT560
428.16
428.33
428.3
VARIANT561
425.84
425.82
425.96
VARIANT562
427.55
428.01
427.83
VARIANT563
494.3
494.26
494.4
VARIANT564
495.4
495.26
495.69
VARIANT565
370.51
370.61
370.55
VARIANT566
434.65
434.65
434.63
VARIANT567
369.45
369.72
369.68
VARIANT568
434.06
433.81
433.91
VARIANT569
419.15
419.66
419.38
VARIANT570
420.69
420.68
420.68
VARIANT571
365.42
365.49
365.42
VARIANT572
364.59
364.47
364.43
VARIANT573
487.75
487.55
487.45
VARIANT574
429.38
429.23
429.16
VARIANT575
488.26
488.26
488.26
VARIANT576
428.23
428.05
428.19
VARIANT577
519.31
519.54
519.39
VARIANT578
521.73
522.35
521.86
VARIANT579
571.26
571.79
571.48
VARIANT580
573.92
573.73
573.62
VARIANT581
511.59
511.34
511.19
VARIANT582
562.89
562.77
563.11
VARIANT583
513.64
513.27
513.66
VARIANT584
564.16
564.27
564.07
VARIANT585
519.13
518.79
518.96
VARIANT586
521.43
521.36
521.74
VARIANT587
511.17
511.66
511.39
VARIANT588
512.97
512.61
512.74
VARIANT589
571.32
571.49
571.61
VARIANT590
562.18
562.02
562.36
VARIANT591
573.14
573.12
573.46
VARIANT592
564.28
564.02
564.14
VARIANT593
492.59
492.36
492.15
VARIANT594
494.3
494.38
494.34
VARIANT595
543.38
543.73
543.46
VARIANT596
545.04
544.69
544.74
VARIANT597
492.18
492.88
492.02
VARIANT598
543.33
543.13
542.79
VARIANT599
493.56
493.82
493.73
VARIANT600
544.57
544.58
544.59
VARIANT601
485.67
485.59
485.51
VARIANT602
486.99
487
486.93
VARIANT603
485.35
485.5
485.46
VARIANT604
487.25
487.04
487.06
VARIANT605
535.53
535.74
535.85
VARIANT606
535.62
535.44
535.6
VARIANT607
537.22
536.92
537.2
VARIANT608
536.69
536.89
536.97
VARIANT609
433.33
433.16
433.18
VARIANT610
432.8
432.71
432.76
VARIANT611
482.81
482.78
482.86
VARIANT612
482.48
482.26
482.39
VARIANT613
428.35
428.45
428.32
VARIANT614
476.78
476.86
476.95
VARIANT615
427.88
427.84
427.66
VARIANT616
476.34
476.24
476.35
VARIANT617
414.94
414.99
415.06
VARIANT618
414.3
414.17
414.26
VARIANT619
408.61
408.66
408.78
VARIANT620
407.92
408
408.05
VARIANT621
463.33
463.32
463.28
VARIANT622
456.57
456.65
456.63
VARIANT623
462.7
462.84
462.68
VARIANT624
455.64
455.72
455.8
VARIANT625
433.22
433.08
433.34
VARIANT626
432.69
432.58
432.76
VARIANT627
482.62
482.49
482.81
VARIANT628
481.99
482.13
482.12
VARIANT629
414.75
414.73
414.53
VARIANT630
463.4
463.64
463.46
VARIANT631
414.02
413.93
413.79
VARIANT632
462.64
462.48
462.38
VARIANT633
427.92
428.14
428
VARIANT634
427.65
427.52
427.39
VARIANT635
408.69
408.61
408.52
VARIANT636
407.74
407.86
407.69
VARIANT637
476.94
476.85
476.91
VARIANT638
456.42
456.46
456.43
VARIANT639
476.29
476.04
475.95
VARIANT640
455.49
455.6
455.45
VARIANT641
442.25
442.22
442.28
VARIANT642
514.16
514.49
513.86
VARIANT643
436.15
436.23
435.97
VARIANT644
505.71
505.82
506.04
VARIANT645
442.68
442.49
442.47
VARIANT646
436.06
435.84
436.03
VARIANT647
513.84
513.5
513.25
VARIANT648
505.84
505.48
505.59
VARIANT649
380.9
381.23
381.24
VARIANT650
447.45
447.49
447.33
VARIANT651
380.78
380.87
380.87
VARIANT652
446.98
447.19
447.24
VARIANT653
378.45
378.45
378.35
VARIANT654
378.35
378.19
378.31
VARIANT655
443.77
443.88
444.11
VARIANT656
443.76
443.53
443.65
VARIANT657
519.63
519.52
519.61
VARIANT658
571.51
571.42
571.77
VARIANT659
511.93
511.74
511.41
VARIANT660
562.52
562.59
562.6
VARIANT661
433.07
433.29
433.31
VARIANT662
428.34
428.45
428.49
VARIANT663
482.77
482.93
483.01
VARIANT664
477.06
476.94
476.99
VARIANT665
518.9
519
519.18
VARIANT666
571.22
571.71
571.12
VARIANT667
433.13
433.33
433.34
VARIANT668
482.74
482.55
482.48
VARIANT669
511.46
511.57
511.41
VARIANT670
428.28
427.95
428.02
VARIANT671
562.27
562.21
562.07
VARIANT672
476.97
476.83
477.01
VARIANT673
444.5
444.79
444.84
VARIANT674
516.26
516.23
516.17
VARIANT675
437.91
437.87
437.98
VARIANT676
507.13
507.38
507.7
VARIANT677
444.3
444.45
444.81
VARIANT678
437.21
437.61
437.63
VARIANT679
515.47
515.72
515.87
VARIANT680
506.96
506.96
506.87
VARIANT681
521.76
521.5
521.84
VARIANT682
573.32
573.74
573.9
VARIANT683
521.44
521.48
521.41
VARIANT684
573.39
573.68
573.31
VARIANT685
513.55
513.16
512.99
VARIANT686
513.15
512.77
512.69
VARIANT687
564.04
564.06
564.18
VARIANT688
564.09
564.18
563.92
VARIANT689
379.98
380.14
380.32
VARIANT690
446.55
446.87
446.62
VARIANT691
377.91
377.77
377.81
VARIANT692
442.74
442.85
442.84
VARIANT693
432.79
432.64
432.89
VARIANT694
427.72
427.75
427.51
VARIANT695
482.27
482.42
482.43
VARIANT696
476.12
476.42
476.13
VARIANT697
380.2
380.07
380.03
VARIANT698
446.21
446.35
446.19
VARIANT699
432.64
432.71
432.82
VARIANT700
482.07
481.98
482.2
VARIANT701
377.26
377.56
377.69
VARIANT702
427.52
427.6
427.36
VARIANT703
442.52
442.65
442.33
VARIANT704
476.03
476.09
476.18
VARIANT705
422.94
423.26
423.03
VARIANT706
491.79
492.07
492.52
VARIANT707
416.95
416.87
416.84
VARIANT708
484.72
484.77
485.07
VARIANT709
422.67
422.73
422.54
VARIANT710
416.41
416.24
416.14
VARIANT711
491.56
491.52
491.98
VARIANT712
484.26
484.42
484.19
VARIANT713
367.91
367.99
367.99
VARIANT714
432.2
432.05
432.18
VARIANT715
367.41
367.61
367.61
VARIANT716
431.99
431.89
432.21
VARIANT717
362.64
362.57
362.67
VARIANT718
362.55
362.56
362.73
VARIANT719
426.45
426.63
426.5
VARIANT720
426.48
426.51
426.34
VARIANT721
425.1
424.73
425.36
VARIANT722
493.14
493.68
493.1
VARIANT723
418.06
418.23
418.28
VARIANT724
485.48
485.49
485.64
VARIANT725
367.07
367.04
367.09
VARIANT726
361.94
362.29
361.88
VARIANT727
430.98
430.99
431.03
VARIANT728
425.26
425.32
425.16
VARIANT729
424.44
424.4
424.63
VARIANT730
492.98
492.59
492.42
VARIANT731
366.85
366.85
366.81
VARIANT732
430.68
430.71
430.7
VARIANT733
417.64
417.58
417.68
VARIANT734
361.59
361.59
361.93
VARIANT735
485.48
485.19
485.38
VARIANT736
424.87
424.87
424.93
VARIANT737
492.53
492.89
492.45
VARIANT738
543.3
543.67
543.8
VARIANT739
485.6
485.55
485.83
VARIANT740
535.48
535.67
535.73
VARIANT741
492.4
492.05
492.35
VARIANT742
485.47
485.58
485.7
VARIANT743
542.95
543.18
542.96
VARIANT744
535.7
535.86
535.53
VARIANT745
494.13
494.39
494.25
VARIANT746
544.96
544.97
545.12
VARIANT747
493.89
493.83
494.24
VARIANT748
544.42
544.35
544.75
VARIANT749
487.02
487.03
487.22
VARIANT750
487.06
486.71
486.68
VARIANT751
537.59
537
536.87
VARIANT752
536.87
536.81
537.17
VARIANT753
414.73
414.95
414.82
VARIANT754
463.25
463.27
463.2
VARIANT755
408.83
408.73
408.96
VARIANT756
456.8
456.61
456.81
VARIANT757
414.16
414.2
414.33
VARIANT758
407.92
408.1
408.19
VARIANT759
462.47
462.88
462.53
VARIANT760
455.51
455.74
455.67
VARIANT761
414.9
414.71
414.6
VARIANT762
463.41
463.13
463.55
VARIANT763
413.98
414.13
413.99
VARIANT764
462.3
462.45
462.67
VARIANT765
408.56
408.66
408.66
VARIANT766
407.6
407.75
407.92
VARIANT767
456.42
456.28
456.41
VARIANT768
455.49
455.53
455.46
VARIANT769
611.24
611
610.89
VARIANT770
740.23
740.27
740.13
VARIANT771
602.55
602.68
602.91
VARIANT772
729.93
729.97
730.13
VARIANT773
610.67
611.16
610.64
VARIANT774
601.68
601.58
601.51
VARIANT775
739.82
739.82
740.07
VARIANT776
729.42
729.09
729.39
VARIANT777
509.91
510.1
510.02
VARIANT778
630.88
631.22
631.03
VARIANT779
509.38
509.54
509.65
VARIANT780
630.5
630.61
630.62
VARIANT781
507.35
507.2
507.19
VARIANT782
506.74
507.02
506.88
VARIANT783
627.08
627.07
627.01
VARIANT784
627.14
627.03
627.17
VARIANT785
721.32
721.74
721.4
VARIANT786
817.69
817.91
817.78
VARIANT787
712.68
712.89
712.66
VARIANT788
806.95
807.58
807.47
VARIANT789
580.95
580.51
580.75
VARIANT790
576.49
576.5
576.63
VARIANT791
672.3
672.4
672.42
VARIANT792
666.33
666.64
666.69
VARIANT793
722.03
721.34
721.9
VARIANT794
817.39
817.38
817.25
VARIANT795
580.66
580.76
580.77
VARIANT796
672.17
672.09
672.15
VARIANT797
712.62
712.88
712.93
VARIANT798
576.2
576.24
576.21
VARIANT799
806.8
806.89
807.36
VARIANT800
666.24
666.26
666.25
VARIANT801
584.99
585.62
585.44
VARIANT802
710.96
711.36
711.38
VARIANT803
579.23
579.01
579.29
VARIANT804
704.08
704.38
704.2
VARIANT805
584.72
584.89
584.85
VARIANT806
578.92
578.8
579.35
VARIANT807
711.28
711.11
711.49
VARIANT808
703.57
703.46
703.47
VARIANT809
687.21
687.32
687.64
VARIANT810
781.01
780.79
780.99
VARIANT811
687.13
687.03
687.12
VARIANT812
780.95
780.53
780.49
VARIANT813
680.61
680.62
680.71
VARIANT814
680.66
680.31
680.88
VARIANT815
773.71
773.53
773.77
VARIANT816
773.24
773.23
773.36
VARIANT817
496.83
496.95
496.9
VARIANT818
615.24
615.31
615.46
VARIANT819
491.48
491.59
491.49
VARIANT820
609.28
609.41
609.3
VARIANT821
562.07
561.77
561.94
VARIANT822
556.53
556.6
556.41
VARIANT823
652.39
652.5
652.51
VARIANT824
645.41
645.57
645.36
VARIANT825
496.15
496.2
496.34
VARIANT826
614.98
614.95
615.24
VARIANT827
561.96
561.79
562.13
VARIANT828
652.52
652.69
652.44
VARIANT829
491.23
491.37
491.11
VARIANT830
556.2
556.28
556.5
VARIANT831
608.92
609.05
609.02
VARIANT832
645.3
645.44
645.39
VARIANT833
615.27
615.13
615.46
VARIANT834
743.05
743.44
743
VARIANT835
605.12
605.09
605.61
VARIANT836
732.15
732.05
731.82
VARIANT837
614.53
614.72
614.46
VARIANT838
605.02
604.79
604.94
VARIANT839
743.05
743.3
743.02
VARIANT840
731.52
731.02
731.04
VARIANT841
508.6
508.86
508.67
VARIANT842
629.75
629.52
629.59
VARIANT843
508.32
508.61
508.34
VARIANT844
629.36
629.42
629.39
VARIANT845
506.66
506.15
506.27
VARIANT846
506.23
506.08
506.36
VARIANT847
625.71
625.83
625.85
VARIANT848
625.73
625.63
625.77
VARIANT849
588.41
588.61
589
VARIANT850
713.88
713.46
713.68
VARIANT851
581.41
581.5
581.31
VARIANT852
705.53
705.35
705.48
VARIANT853
495.78
495.74
495.65
VARIANT854
490.77
490.41
490.24
VARIANT855
613.95
613.68
613.66
VARIANT856
607.5
607.81
607.57
VARIANT857
588.63
588.95
588.43
VARIANT858
713.33
713.37
713.47
VARIANT859
495.47
495.43
495.57
VARIANT860
613.27
613.4
613.52
VARIANT861
580.98
581.25
581.5
VARIANT862
489.79
489.93
490.41
VARIANT863
704.6
704.82
705
VARIANT864
607.35
607.36
607.42
VARIANT865
726.8
726.87
727
VARIANT866
821.22
821.76
821.58
VARIANT867
715.87
716.16
716.07
VARIANT868
809.99
809.87
809.95
VARIANT869
726.7
726.32
726.51
VARIANT870
716.02
716.06
715.69
VARIANT871
821.85
822.13
821.91
VARIANT872
809.3
809.96
809.45
VARIANT873
690.51
690.51
690.75
VARIANT874
784.51
784.09
783.46
VARIANT875
690.52
690.56
690.31
VARIANT876
783.62
783.32
783.54
VARIANT877
683.85
684.11
683.29
VARIANT878
683.66
683.22
683.38
VARIANT879
775.82
775.68
776.06
VARIANT880
775.83
775.95
775.63
VARIANT881
580.56
580.57
580.5
VARIANT882
671.67
671.82
671.7
VARIANT883
575.84
575.9
575.85
VARIANT884
665.39
665.16
665.12
VARIANT885
561.83
561.65
561.89
VARIANT886
555.5
555.6
555.64
VARIANT887
651.64
651.7
651.77
VARIANT888
644.27
644.16
644.04
VARIANT889
580.57
580.34
580.21
VARIANT890
671.49
671.22
671.49
VARIANT891
561.42
561.34
561.36
VARIANT892
651.33
651.18
651.1
VARIANT893
575.5
575.43
575.5
VARIANT894
555.17
555.19
555.25
VARIANT895
665.35
665.26
665.24
VARIANT896
644.06
643.89
643.93
VARIANT897
613.61
613.41
613.32
VARIANT898
742.46
742.51
742.42
VARIANT899
604.86
605.12
604.68
VARIANT900
731.65
731.82
731.81
VARIANT901
613.4
613.45
613.7
VARIANT902
604.42
604.4
604.63
VARIANT903
741.85
741.75
742.06
VARIANT904
731.52
731.39
731.32
VARIANT905
511.6
511.53
511.39
VARIANT906
633
632.91
632.92
VARIANT907
511.73
511.74
511.73
VARIANT908
632.89
632.85
632.74
VARIANT909
509.83
509.92
509.93
VARIANT910
509.41
509.62
509.39
VARIANT911
629.53
629.21
629.27
VARIANT912
629.39
629.38
629.42
VARIANT913
722.08
721.95
721.59
VARIANT914
818.04
817.89
818.04
VARIANT915
712.82
712.99
712.8
VARIANT916
807.37
807.21
807.73
VARIANT917
580.9
580.55
580.77
VARIANT918
576.51
576.54
576.39
VARIANT919
672.76
672.66
672.38
VARIANT920
666.76
666.62
666.68
VARIANT921
721.83
721.79
721.98
VARIANT922
817.28
817.5
817.28
VARIANT923
580.56
580.63
580.63
VARIANT924
672.22
672.13
672.27
VARIANT925
712.82
712.61
712.75
VARIANT926
576.19
576.45
576.1
VARIANT927
806.9
806.96
806.91
VARIANT928
666.26
666.44
666.29
VARIANT929
617.51
617.1
617.65
VARIANT930
745.67
745.53
745.59
VARIANT931
608.12
607.81
607.85
VARIANT932
734.21
734.42
734
VARIANT933
616.98
617.12
616.78
VARIANT934
607.58
607.76
607.76
VARIANT935
745.37
745.77
745.19
VARIANT936
733.7
733.82
733.77
VARIANT937
726.95
727
726.8
VARIANT938
821.78
821.96
821.54
VARIANT939
726.15
726.87
726.78
VARIANT940
821.64
821.2
821.69
VARIANT941
715.93
715.75
715.8
VARIANT942
715.82
715.74
715.68
VARIANT943
809.62
810.02
809.78
VARIANT944
809.39
809.62
809.58
VARIANT945
510.9
510.82
510.79
VARIANT946
631.8
631.65
631.76
VARIANT947
508.74
508.8
508.76
VARIANT948
628.23
628.2
628.02
VARIANT949
580.52
580.65
580.26
VARIANT950
575.66
575.72
575.61
VARIANT951
671.7
671.82
671.72
VARIANT952
665.04
665.17
665.39
VARIANT953
510.97
510.77
510.93
VARIANT954
631.39
631.98
631.38
VARIANT955
580.47
580.35
580.41
VARIANT956
671.54
671.45
671.66
VARIANT957
508.66
508.5
508.66
VARIANT958
575.48
575.61
575.57
VARIANT959
627.75
627.88
627.81
VARIANT960
665.19
665.22
665.09
VARIANT961
588.54
588.5
588.58
VARIANT962
713.6
713.65
713.48
VARIANT963
581.67
581.88
581.89
VARIANT964
706.08
706.33
706.33
VARIANT965
588.49
588.02
588.09
VARIANT966
581.64
581.79
581.72
VARIANT967
713.14
712.91
712.81
VARIANT968
706.02
706.16
706.01
VARIANT969
499.23
499.16
499.42
VARIANT970
617.28
617.2
617.14
VARIANT971
498.85
498.73
498.9
VARIANT972
617.24
616.92
616.75
VARIANT973
494.08
493.98
493.82
VARIANT974
493.35
493.62
493.66
VARIANT975
611.48
611.49
611.83
VARIANT976
611.17
611.54
611.59
VARIANT977
590.64
590.5
590.51
VARIANT978
715.82
715.58
715.81
VARIANT979
585.11
584.87
584.95
VARIANT980
707.42
707.6
707.77
VARIANT981
497.79
497.85
497.77
VARIANT982
492.91
493.02
493.09
VARIANT983
615.92
615.81
615.97
VARIANT984
610.05
609.93
609.68
VARIANT985
590.91
590.73
590.87
VARIANT986
715.36
715.6
715.79
VARIANT987
497.49
497.3
497.32
VARIANT988
616.24
616.08
616.08
VARIANT989
583.83
583.68
584.03
VARIANT990
492.37
492.5
492.41
VARIANT991
707.44
707.38
707.66
VARIANT992
609.82
609.67
609.6
VARIANT993
687.45
687.43
687.54
VARIANT994
781.26
781.14
781.09
VARIANT995
680.41
680.65
680.63
VARIANT996
773.57
773.42
773.32
VARIANT997
686.89
687.11
687.1
VARIANT998
680.75
680.53
680.9
VARIANT999
781.01
780.5
780.86
VARIANT1000
773.41
773.23
773.75
VARIANT1001
691.04
690.71
690.87
VARIANT1002
783.61
784.08
783.66
VARIANT1003
690.55
690.17
690.45
VARIANT1004
783.26
783.53
783.76
VARIANT1005
683.63
683.41
683.52
VARIANT1006
683.41
683.71
683.51
VARIANT1007
776.11
775.67
775.65
VARIANT1008
775.55
775.72
775.77
VARIANT1009
561.98
561.79
561.77
VARIANT1010
652.61
652.39
652.45
VARIANT1011
556.66
556.54
556.69
VARIANT1012
645.53
645.67
645.33
VARIANT1013
561.94
561.76
562.1
VARIANT1014
555.64
555.59
555.67
VARIANT1015
651.57
651.86
651.49
VARIANT1016
644.18
644.16
644.14
VARIANT1017
561.97
562
561.94
VARIANT1018
652.49
652.25
652.38
VARIANT1019
561.22
561.47
561.31
VARIANT1020
651.19
651.22
651.19
VARIANT1021
556.66
556.19
556.17
VARIANT1022
555.18
555.23
555.13
VARIANT1023
645.31
645.36
645.47
VARIANT1024
643.79
644.31
644
VARIANT1025
612.87
613.13
612.91
VARIANT1026
604.7
604.7
604.84
VARIANT1027
612.83
612.43
612.67
VARIANT1028
604.06
604.27
604.04
VARIANT1029
511.16
511.32
510.98
VARIANT1030
510.88
510.71
510.98
VARIANT1031
509.35
509.35
509.41
VARIANT1032
509.12
508.98
509
VARIANT1033
721.27
721.81
721.61
VARIANT1034
712.92
712.85
712.98
VARIANT1035
581
580.68
580.95
VARIANT1036
576.42
576.5
576.31
VARIANT1037
721.56
722.41
722.14
VARIANT1038
580.54
580.7
580.64
VARIANT1039
712.53
712.66
712.72
VARIANT1040
576.32
576.24
576.27
VARIANT1041
587.79
587.61
587.92
VARIANT1042
581.63
581.57
581.34
VARIANT1043
587.19
587.36
587.17
VARIANT1044
581.19
581.01
581.12
VARIANT1045
687.97
687.36
687.47
VARIANT1046
687.31
686.94
687.19
VARIANT1047
680.44
680.61
680.62
VARIANT1048
680.65
680.55
680.23
VARIANT1049
498.46
498.6
498.41
VARIANT1050
493.37
493.19
493.27
VARIANT1051
562.09
561.92
561.87
VARIANT1052
556.52
556.47
556.55
VARIANT1053
497.83
498.13
498.01
VARIANT1054
562.05
562.28
561.87
VARIANT1055
492.94
492.98
492.89
VARIANT1056
556.34
556.28
556.3
VARIANT1057
741.32
741.55
741.9
VARIANT1058
731.5
731.38
731.18
VARIANT1059
741.38
741.18
741.06
VARIANT1060
731.34
731.19
731.12
VARIANT1061
632.14
632.16
632.08
VARIANT1062
632.3
631.94
631.95
VARIANT1063
628.58
628.89
628.8
VARIANT1064
628.52
628.5
628.47
VARIANT1065
712.51
712.45
712.66
VARIANT1066
705.4
705.26
705.53
VARIANT1067
616.58
616.83
616.65
VARIANT1068
610.93
610.9
611.04
VARIANT1069
712.76
712.49
712.75
VARIANT1070
616.7
616.62
616.51
VARIANT1071
705
705.37
705.27
VARIANT1072
610.6
610.62
610.84
VARIANT1073
818.13
818.1
817.89
VARIANT1074
807.82
806.91
807.09
VARIANT1075
817.41
817.44
817.17
VARIANT1076
807.12
806.76
807.12
VARIANT1077
780.85
781.06
780.88
VARIANT1078
780.54
780.79
780.94
VARIANT1079
773.42
773.47
773.27
VARIANT1080
773.25
773.11
773.3
VARIANT1081
672.41
672.49
672.34
VARIANT1082
666.52
666.59
666.4
VARIANT1083
652.57
652.58
652.81
VARIANT1084
645.61
645.61
645.4
VARIANT1085
672.18
672.3
672.16
VARIANT1086
652.33
652.6
652.37
VARIANT1087
666.56
666.56
666.36
VARIANT1088
645.35
645.12
645.44
VARIANT1089
616.78
616.54
616.54
VARIANT1090
607.43
607.48
607.7
VARIANT1091
615.94
615.96
616.36
VARIANT1092
606.89
607.21
607
VARIANT1093
510.22
510.18
510.15
VARIANT1094
510.12
510.14
509.79
VARIANT1095
508.34
508.43
508.25
VARIANT1096
508.02
508.08
507.91
VARIANT1097
726.62
726.82
726.93
VARIANT1098
716.14
715.85
715.99
VARIANT1099
580.38
580.66
580.59
VARIANT1100
575.69
575.47
575.94
VARIANT1101
726.62
726.55
726.76
VARIANT1102
580.7
580.53
580.5
VARIANT1103
715.98
715.9
715.84
VARIANT1104
575.38
575.37
575.44
VARIANT1105
744.95
745.06
744.67
VARIANT1106
733.83
733.63
733.87
VARIANT1107
744.45
744.06
744.27
VARIANT1108
733.11
733.2
733.34
VARIANT1109
821.71
821.41
821.46
VARIANT1110
821.42
822
821.85
VARIANT1111
810.12
809.81
809.98
VARIANT1112
809.6
809.39
809.51
VARIANT1113
631.28
631.4
631.17
VARIANT1114
627.74
627.18
627.58
VARIANT1115
671.49
671.71
671.89
VARIANT1116
665.37
665.24
665.27
VARIANT1117
630.83
631.32
631.01
VARIANT1118
671.43
671.66
671.41
VARIANT1119
627.18
627.26
627.28
VARIANT1120
665.26
665.16
665.27
VARIANT1121
590.29
589.77
590.48
VARIANT1122
583.64
583.42
583.52
VARIANT1123
589.97
589.63
589.62
VARIANT1124
583.26
583.6
583.42
VARIANT1125
497.02
497.42
497.56
VARIANT1126
496.76
496.86
496.72
VARIANT1127
492.13
492.14
492.12
VARIANT1128
491.79
491.74
491.56
VARIANT1129
715.24
715.11
715.4
VARIANT1130
706.85
706.92
706.73
VARIANT1131
615.12
615.03
615.13
VARIANT1132
609.28
609.26
609.06
VARIANT1133
714.46
714.89
714.65
VARIANT1134
615.19
615.09
614.9
VARIANT1135
706.31
706.91
706.55
VARIANT1136
608.8
608.54
608.7
VARIANT1137
690.35
690.92
690.88
VARIANT1138
683.81
683.85
683.63
VARIANT1139
690.18
690.43
690.04
VARIANT1140
683.44
682.99
683.34
VARIANT1141
783.88
783.92
783.83
VARIANT1142
783.77
783.62
783.94
VARIANT1143
775.78
775.73
775.48
VARIANT1144
775.53
775.52
775.57
VARIANT1145
561.64
561.69
561.9
VARIANT1146
555.58
555.68
555.58
VARIANT1147
651.57
651.58
651.32
VARIANT1148
644.56
644.33
644.18
VARIANT1149
561.51
561.29
561.46
VARIANT1150
651.3
651.24
651.32
VARIANT1151
555.36
555.33
555.09
VARIANT1152
644.22
643.76
643.97
